1.000000000 0.000000000 0.000000000 0.000000000 0.000000000 1.000000000 0.000000000 0.000000000 0.000000000 0.000000000 1.000000000 0.000000000
0.999044597 -0.000548628 0.043698817 0.045294575 0.000658114 0.999996662 -0.002491111 -0.017976493 -0.043697305 0.002517490 0.999041617 1.026159406
0.996042311 -0.004937363 0.088743344 0.139196441 0.005616342 0.999956846 -0.007402964 -0.037091974 -0.088702962 0.007872079 0.996026993 2.050813675
0.990928233 -0.004178199 0.134327039 0.271511614 0.005752157 0.999919236 -0.011331400 -0.061443999 -0.134268850 0.012001274 0.990872264 3.066832542
0.983589947 -0.001549730 0.180411786 0.454315096 0.004092735 0.999897420 -0.013724170 -0.086792380 -0.180372015 0.014237333 0.983495414 4.093586445
0.974075735 -0.004163517 0.226183951 0.689123273 0.007441394 0.999879241 -0.013641405 -0.118275389 -0.226099849 0.014970885 0.973989069 5.096734047
0.962444127 -0.004805036 0.271437377 0.965729356 0.009190354 0.999846935 -0.014887047 -0.149099410 -0.271324307 0.016822556 0.962340951 6.100975037
0.948897481 -0.007328901 0.315499425 1.287870169 0.013567065 0.999753416 -0.017580573 -0.179954603 -0.315292776 0.020962562 0.948762894 7.081892967
0.933710039 -0.008770423 0.357922733 1.659313083 0.016795661 0.999672294 -0.019319052 -0.210896879 -0.357636005 0.024049941 0.933551311 8.045604706
0.916298866 -0.008680097 0.400401115 2.061684847 0.018158598 0.999637365 -0.019884443 -0.245395854 -0.400083303 0.025490815 0.916124225 8.977757454
0.896607995 -0.008862722 0.442736477 2.507630587 0.019038223 0.999646783 -0.018544288 -0.277540743 -0.442415714 0.025055870 0.896459997 9.904956818
0.874831080 -0.008919849 0.484345973 2.988753557 0.019868558 0.999649823 -0.017476983 -0.322806418 -0.484020472 0.024912663 0.874701977 10.752511978
0.850597024 -0.008639061 0.525747120 3.520435810 0.020160038 0.999665678 -0.016190097 -0.355617672 -0.525431514 0.024370331 0.850486815 11.644552231
0.825252175 -0.009397843 0.564686239 4.104001999 0.022441432 0.999617517 -0.016160468 -0.398049802 -0.564318359 0.026008828 0.825147450 12.470302582
0.797925591 -0.011105660 0.602653623 4.738700867 0.025864404 0.999540210 -0.015825532 -0.427434504 -0.602200806 0.028214876 0.797845900 13.295985222
0.769062638 -0.009816290 0.639098048 5.370780945 0.026393332 0.999516964 -0.016408399 -0.462158859 -0.638628304 0.029487014 0.768950224 14.069039345
0.738415360 -0.012817010 0.674224377 6.051580429 0.030993788 0.999407828 -0.014945870 -0.494844675 -0.673633575 0.031933028 0.738375366 14.806334496
0.706222415 -0.012012303 0.707888126 6.783905506 0.031332966 0.999406695 -0.014300095 -0.529487312 -0.707296312 0.032279279 0.706179857 15.535318375
0.672157526 -0.010793328 0.740329444 7.530810833 0.032577448 0.999356508 -0.015007904 -0.562167466 -0.739691079 0.034205720 0.672076643 16.209438324
0.636403918 -0.011803650 0.771265745 8.330321312 0.036902193 0.999203920 -0.015157488 -0.589311898 -0.770472825 0.038107678 0.636332870 16.868932724
0.599646330 -0.010302072 0.800198853 9.136266708 0.037459228 0.999182463 -0.015207021 -0.624775231 -0.799387932 0.039093662 0.599542022 17.471992493
0.561790586 -0.009172615 0.827228725 9.950639725 0.040323544 0.999053597 -0.016306804 -0.655356169 -0.826296270 0.042517800 0.561628699 18.019290924
0.522937417 -0.007362861 0.852339268 10.830752373 0.044884495 0.998813212 -0.018909905 -0.684515238 -0.851188481 0.048145514 0.522647262 18.561252594
0.483891010 -0.006263614 0.875105917 11.696686745 0.046440046 0.998749197 -0.018530495 -0.709504783 -0.873895288 0.049606696 0.483576596 19.040012360
0.445414603 -0.008070852 0.895288110 12.630321503 0.051719926 0.998521507 -0.016729690 -0.741588891 -0.893829405 0.053755879 0.445173502 19.501306534
0.408207893 -0.008779161 0.912846923 13.548290253 0.055559490 0.998338997 -0.015243793 -0.768329024 -0.911196828 0.056939937 0.408017635 19.900913239
0.373201430 -0.006277104 0.927729070 14.530405045 0.057794958 0.998192191 -0.016495558 -0.787305892 -0.925948381 0.059774231 0.372889578 20.284696579
0.339720249 -0.007072032 0.940499961 15.518604279 0.058399867 0.998200774 -0.013588849 -0.809963226 -0.938711703 0.059541479 0.339522004 20.643711090
0.306162715 -0.008591112 0.951940417 16.528045654 0.061065692 0.998077095 -0.010632440 -0.828836381 -0.950018644 0.061386157 0.306098640 20.968692780
0.273211062 -0.008443819 0.961917102 17.547136307 0.061606884 0.998062253 -0.008736956 -0.850879192 -0.959979355 0.061647743 0.273201883 21.257410049
0.241009414 -0.005613773 0.970506549 18.569223404 0.058926329 0.998223007 -0.008859295 -0.875505686 -0.968732238 0.059323560 0.240911961 21.513782501
0.210097075 -0.004025291 0.977672279 19.628099442 0.059105448 0.998214781 -0.008591606 -0.889189005 -0.975892305 0.059590828 0.209959924 21.738534927
0.179575682 -0.003736251 0.983737171 20.708705902 0.061031941 0.998108745 -0.007350211 -0.909122467 -0.981849194 0.061359301 0.179464102 21.931041718
0.148973823 -0.003918408 0.988833368 21.796861649 0.062669948 0.998019218 -0.005486806 -0.925190210 -0.986853242 0.062787533 0.148924351 22.088602066
0.118525803 -0.004595861 0.992940366 22.899950027 0.061628401 0.998095393 -0.002736770 -0.939595759 -0.991036654 0.061517704 0.118583262 22.218631744
0.089407504 -0.005027617 0.995982468 24.029443741 0.062195808 0.998063803 -0.000545082 -0.954165578 -0.994051337 0.061994664 0.089547098 22.311908722
0.062183976 -0.004634602 0.998053968 25.161663055 0.065136075 0.997876227 0.000575454 -0.954968691 -0.995936990 0.064973533 0.062353790 22.374889374
0.036726952 -0.004093199 0.999317110 26.347381592 0.068836182 0.997626781 0.001556394 -0.967230499 -0.996951818 0.068732001 0.036921561 22.420173645
0.013864696 -0.003591446 0.999897361 27.533344269 0.073092222 0.997321904 0.002568694 -0.970047116 -0.997228742 0.073049113 0.014090061 22.432619095
-0.006330132 -0.003583190 0.999973595 28.723541260 0.078993417 0.996866822 0.004072108 -0.967440546 -0.996855080 0.079017103 -0.006027222 22.415035248
-0.024133325 -0.004281970 0.999699533 29.946269989 0.083120212 0.996519744 0.006274923 -0.972050190 -0.996247232 0.083246678 -0.023693442 22.378793716
-0.039667845 -0.003997269 0.999204874 31.182638168 0.086511292 0.996223211 0.007419791 -0.969081998 -0.995460808 0.086736843 -0.039172173 22.315143585
-0.054165721 -0.004738255 0.998520792 32.434509277 0.088523179 0.996028543 0.009528450 -0.967434049 -0.994600356 0.088908345 -0.053531170 22.244831085
-0.067153215 -0.005991395 0.997724771 33.671344757 0.088682629 0.995988250 0.011949868 -0.969912887 -0.993793726 0.089283325 -0.066352487 22.149883270
-0.079631448 -0.005981458 0.996806502 34.935447693 0.088418439 0.995998085 0.013040051 -0.974177957 -0.992895305 0.089174464 -0.078783870 22.052543640
-0.090651989 -0.003053802 0.995878160 36.189197540 0.088452168 0.996018529 0.011105770 -0.965358973 -0.991946995 0.089094326 -0.090021014 21.937206268
-0.100646257 0.000391227 0.994922221 37.457283020 0.088944547 0.995999396 0.008605965 -0.956851959 -0.990938544 0.089359067 -0.100278378 21.808761597
-0.110070348 0.003110475 0.993919075 38.757057190 0.090335406 0.995887578 0.006887437 -0.948328614 -0.989810228 0.090544179 -0.109898686 21.665706635
-0.117669225 0.004159110 0.993044198 40.081890106 0.090146542 0.995907247 0.006510670 -0.942875862 -0.988952816 0.090285599 -0.117562532 21.512767792
-0.123391032 0.004770604 0.992346644 41.430145264 0.089802735 0.995939136 0.006378435 -0.940815032 -0.988286495 0.089902490 -0.123318434 21.348052979
-0.128872991 0.006238424 0.991641521 42.794586182 0.091185346 0.995818257 0.005585676 -0.941840827 -0.987459898 0.091143012 -0.128902912 21.186119080
-0.133332729 0.007957475 0.991039395 44.168064117 0.090092339 0.995924890 0.004124162 -0.937523127 -0.986967981 0.089834936 -0.133506298 21.002773285
-0.137390375 0.008650302 0.990479171 45.577049255 0.090716183 0.995869219 0.003885958 -0.936416626 -0.986354113 0.090386391 -0.137607574 20.808147430
-0.140249133 0.007734713 0.990086079 46.965858459 0.090304695 0.995901585 0.005011829 -0.930981874 -0.985989511 0.090112329 -0.140372872 20.614768982
-0.143084645 0.005864388 0.989693105 48.443359375 0.091218732 0.995804191 0.007287315 -0.928848803 -0.985497832 0.091321252 -0.143019199 20.415374756
-0.145937204 0.004763871 0.989282370 49.889232635 0.090654738 0.995845437 0.008577752 -0.921917915 -0.985131443 0.090934955 -0.145762801 20.212024689
-0.147836804 0.005584565 0.988996029 51.382980347 0.093997978 0.995536685 0.008429487 -0.914473653 -0.984534740 0.094209813 -0.147701979 19.994682312
-0.148811579 0.005267517 0.988851607 52.851387024 0.093276180 0.995601952 0.008733580 -0.907531619 -0.984456599 0.093535952 -0.148648381 19.775939941
-0.149080992 0.006427981 0.988804221 54.321739197 0.095573530 0.995390713 0.007938714 -0.901073575 -0.984195530 0.095687009 -0.149008155 19.550064087
-0.149578571 0.006360608 0.988729417 55.863044739 0.094966367 0.995448649 0.007963018 -0.900008202 -0.984178722 0.095087133 -0.149501801 19.332862854
-0.149031520 0.007734297 0.988802254 57.384864807 0.094532102 0.995500863 0.006461104 -0.893857956 -0.984303474 0.094436459 -0.149092078 19.102817535
-0.147565722 0.007869255 0.989021003 58.913055420 0.095366739 0.995422184 0.006308897 -0.882355809 -0.984443843 0.095250674 -0.147640705 18.874725342
-0.146727324 0.006550475 0.989155352 60.511444092 0.094537102 0.995493591 0.007430804 -0.886161327 -0.984649122 0.094602175 -0.146685362 18.649269104
-0.145468473 0.007421669 0.989335001 62.101814270 0.095108867 0.995445549 0.006516981 -0.877210140 -0.984780729 0.095042549 -0.145511866 18.409042358
-0.144729733 0.008205242 0.989437163 63.711452484 0.095069893 0.995454550 0.005651192 -0.867642879 -0.984893322 0.094883583 -0.144852042 18.175285339
-0.143557906 0.008730141 0.989603400 65.328491211 0.096075758 0.995360672 0.005156404 -0.863319159 -0.984967291 0.095817141 -0.143730640 17.941345215
-0.143153906 0.008728999 0.989661992 66.988914490 0.095788151 0.995388806 0.005076174 -0.860466361 -0.985054135 0.095524564 -0.143329978 17.706199646
-0.142081738 0.007462263 0.989826798 68.660125732 0.097666621 0.995197833 0.006516501 -0.849057794 -0.985024929 0.097598918 -0.142128229 17.453117371
-0.141575456 0.005136096 0.989914298 70.343154907 0.099513367 0.994994879 0.009069720 -0.851471186 -0.984913111 0.099793740 -0.141378045 17.220031738
-0.140951872 0.006099757 0.989997685 72.046600342 0.101482272 0.994802535 0.008319263 -0.848624945 -0.984801531 0.101639822 -0.140838265 16.970031738
-0.140125632 0.008229191 0.990099549 73.724853516 0.103284478 0.994631588 0.006350666 -0.840386391 -0.984732032 0.103151798 -0.140223384 16.727233887
-0.139333129 0.007642937 0.990216196 75.430122375 0.102249734 0.994736135 0.006709700 -0.842135668 -0.984952569 0.102184214 -0.139381170 16.488899231
-0.139619470 0.007140130 0.990179479 77.127044678 0.102765612 0.994678676 0.007317808 -0.852124691 -0.984858215 0.102778107 -0.139610291 16.260864258
-0.139275789 0.006253790 0.990234077 78.857528687 0.102642961 0.994684815 0.008154747 -0.843569517 -0.984919786 0.102776289 -0.139177442 16.015022278
-0.139271617 0.006399693 0.990233541 80.598953247 0.103913195 0.994552672 0.008187277 -0.836642504 -0.984787047 0.104038581 -0.139177918 15.773788452
-0.139375806 0.006264679 0.990219712 82.364593506 0.104927942 0.994443715 0.008477463 -0.826714754 -0.984664679 0.105083272 -0.139258742 15.529502869
-0.139219761 0.007346938 0.990234435 84.124771118 0.105487414 0.994392693 0.007452960 -0.819901943 -0.984627128 0.105494849 -0.139214158 15.276931763
-0.139947057 0.008347265 0.990123808 85.920730591 0.104936808 0.994457960 0.006448273 -0.808982611 -0.984582722 0.104802847 -0.140047431 15.027267456
-0.141033649 0.009007422 0.989963830 87.716545105 0.104299799 0.994528949 0.005809952 -0.810539246 -0.984495342 0.104072422 -0.141201496 14.775558472
-0.142736435 0.009583799 0.989714324 89.511886597 0.103231721 0.994643450 0.005256540 -0.804625511 -0.984362483 0.102920212 -0.142961264 14.536064148
-0.143786788 0.008403571 0.989573002 91.337165833 0.102169625 0.994746447 0.006397935 -0.810404301 -0.984320462 0.102024242 -0.143890023 14.273796082
-0.144609690 0.008337098 0.989453614 93.178939819 0.102478564 0.994713366 0.006595938 -0.806287766 -0.984167755 0.102351621 -0.144699574 14.001945496
-0.145249248 0.007395345 0.989367425 95.019485474 0.099763326 0.994985104 0.007208935 -0.798649788 -0.984352529 0.099749677 -0.145258546 13.746559143
-0.147001386 0.008184953 0.989102483 96.870956421 0.099749111 0.994990766 0.006591137 -0.798093081 -0.984093904 0.099630997 -0.147081494 13.482162476
-0.149436712 0.009081796 0.988729596 98.762893677 0.098910235 0.995079398 0.005809184 -0.794481516 -0.983811677 0.098663576 -0.149599671 13.196922302
-0.153904200 0.009973961 0.988035440 100.652236938 0.099367797 0.995035946 0.005433689 -0.793217659 -0.983076572 0.099015169 -0.154131293 12.914360046
-0.158402205 0.008861667 0.987334847 102.538902283 0.096914798 0.995270669 0.006615549 -0.790669441 -0.982606828 0.096735284 -0.158511877 12.621864319
-0.163330078 0.008274887 0.986536860 104.455352783 0.095879108 0.995364547 0.007524708 -0.792230129 -0.981901586 0.095817283 -0.163366437 12.312660217
-0.167678595 0.008849588 0.985801935 106.364776611 0.094753608 0.995474875 0.007180569 -0.797218323 -0.981277525 0.094612323 -0.167758346 11.989349365
-0.172499299 0.010735832 0.984951079 108.273712158 0.095223933 0.995438814 0.005826889 -0.795058489 -0.980396032 0.094796054 -0.172734857 11.672386169
-0.177031517 0.012447560 0.984126449 110.204559326 0.094987594 0.995468318 0.004496010 -0.798763990 -0.979610741 0.094275743 -0.177411675 11.325515747
-0.181893349 0.012459738 0.983239353 112.129989624 0.093862362 0.995573878 0.004747925 -0.807531118 -0.978828192 0.093152784 -0.182257771 10.980102539
-0.186959863 0.012165554 0.982292295 114.068885803 0.092148259 0.995731711 0.005206590 -0.812732458 -0.978036165 0.091489941 -0.187282801 10.624389648
-0.192459702 0.012022102 0.981231213 116.026794434 0.090024188 0.995924652 0.005455306 -0.803940058 -0.977166712 0.089384466 -0.192757607 10.256057739
-0.197567105 0.011439064 0.980222583 117.987945557 0.089585513 0.995958328 0.006433561 -0.812063932 -0.976187289 0.089084804 -0.197793365 9.863006592
-0.203658819 0.011358204 0.978975952 119.971054077 0.089415669 0.995969474 0.007046004 -0.800166607 -0.974950135 0.088970773 -0.203853607 9.471206665
-0.208917141 0.013377467 0.977841794 121.952468872 0.090182737 0.995909274 0.005643025 -0.794069529 -0.973766208 0.089363374 -0.209268928 9.050064087
-0.214886189 0.013762523 0.976542115 123.924865723 0.089303277 0.995988667 0.005614431 -0.803227186 -0.972547650 0.088414878 -0.215253234 8.629165649
-0.221095324 0.013711065 0.975155890 125.902481079 0.089936353 0.995927036 0.006387990 -0.802427769 -0.971096516 0.089114316 -0.221427917 8.194824219
-0.226431012 0.013825344 0.973929107 127.880691528 0.089124739 0.995998740 0.006582178 -0.794882536 -0.969941139 0.088291585 -0.226757169 7.740875244
-0.231644988 0.014609010 0.972690880 129.859710693 0.088413484 0.996065199 0.006095462 -0.796283007 -0.968774498 0.087410957 -0.232025146 7.279281616
-0.236955047 0.015207502 0.971401572 131.849609375 0.087594010 0.996139526 0.005772116 -0.799090147 -0.967563748 0.086456694 -0.237372279 6.804977417
-0.240991712 0.014533552 0.970418453 133.856521606 0.088985495 0.996007025 0.007181685 -0.796952248 -0.966439188 0.088083886 -0.241322756 6.297927856
-0.244969368 0.014541592 0.969421923 135.862060547 0.091237769 0.995796025 0.008118225 -0.792429924 -0.965228438 0.090436593 -0.245266318 5.796051025
-0.248435020 0.015462751 0.968525171 137.859893799 0.092434436 0.995688140 0.007813805 -0.785524368 -0.964228213 0.091466300 -0.248793006 5.282852173
-0.251459479 0.016251605 0.967731357 139.853515625 0.093325369 0.995607197 0.007530328 -0.789308548 -0.963357925 0.092207462 -0.251871586 4.771133423
-0.255122542 0.016119674 0.966774523 141.872421265 0.092798054 0.995653689 0.007887309 -0.791742325 -0.962445498 0.091727011 -0.255509615 4.253738403
-0.258767962 0.016364837 0.965800941 143.903213501 0.091262698 0.995797992 0.007578976 -0.792027473 -0.961618602 0.090102792 -0.259174109 3.703811646
-0.263099432 0.017125349 0.964616776 145.925445557 0.090431511 0.995878160 0.006984852 -0.792854309 -0.960521221 0.089069456 -0.263563633 3.155502319
-0.267604709 0.016489215 0.963387668 147.933761597 0.089213036 0.995982528 0.007734014 -0.795449734 -0.959389806 0.088016398 -0.268000603 2.623794556
-0.272206068 0.017028723 0.962088466 149.971466064 0.089523904 0.995954931 0.007701052 -0.794557095 -0.958065569 0.088226169 -0.272629380 2.059646606
-0.276811242 0.017418319 0.960766613 152.030136108 0.088865362 0.996015072 0.007546065 -0.794096947 -0.956806540 0.087467693 -0.277256131 1.484710693
-0.281309128 0.017461767 0.959458470 154.070114136 0.088387683 0.996055722 0.007787062 -0.792513371 -0.955538094 0.086994871 -0.281742930 0.897750854
-0.285505056 0.016938565 0.958227515 156.112731934 0.088331856 0.996052980 0.008711373 -0.790315151 -0.954297841 0.087129153 -0.285874367 0.294845581
-0.289870620 0.017105930 0.956912935 158.155258179 0.088938892 0.995995164 0.009137042 -0.787692547 -0.952924371 0.087755337 -0.290231228 -0.308029175
-0.293532014 0.017757772 0.955784261 160.200820923 0.089836299 0.995915115 0.009086369 -0.789868355 -0.951718628 0.088531263 -0.293928266 -0.936431885
-0.297155619 0.018874554 0.954642713 162.247344971 0.090217136 0.995886743 0.008392239 -0.787238121 -0.950557649 0.088618919 -0.297636151 -1.566314697
-0.300815105 0.020456264 0.953463137 164.311645508 0.090200849 0.995898366 0.007091432 -0.788097382 -0.949407279 0.088136382 -0.301426530 -2.201080322
-0.304363012 0.021645339 0.952310085 166.361663818 0.090867445 0.995842397 0.006406892 -0.786113739 -0.948212087 0.088484012 -0.305064440 -2.838012695
-0.307778597 0.022121081 0.951201022 168.436981201 0.090224311 0.995903194 0.006033036 -0.789204597 -0.947170734 0.087678283 -0.308513522 -3.497940063
-0.311217785 0.022219334 0.950078785 170.505935669 0.090729319 0.995854855 0.006430363 -0.796047211 -0.945997655 0.088201247 -0.311943769 -4.167510986
-0.315125227 0.022528157 0.948782682 172.578048706 0.090463817 0.995879173 0.006399894 -0.794187546 -0.944728732 0.087847270 -0.315864563 -4.846084595
-0.319022417 0.023424445 0.947457850 174.665725708 0.092595987 0.995682120 0.006561641 -0.794466019 -0.943213105 0.089824095 -0.319813848 -5.542175293
-0.322142959 0.023811422 0.946391642 176.767822266 0.094968140 0.995453715 0.007280432 -0.797698021 -0.941915691 0.092222385 -0.322939634 -6.254913330
-0.324618340 0.023566047 0.945551634 178.854522705 0.096061565 0.995341837 0.008172006 -0.799398422 -0.940954566 0.093483940 -0.325369954 -6.968444824
-0.327425480 0.023007268 0.944596827 180.965286255 0.095652096 0.995374918 0.008911825 -0.797220230 -0.940022945 0.093270622 -0.328111887 -7.693862915
-0.330393910 0.023551444 0.943549216 183.068374634 0.094730712 0.995468140 0.008323618 -0.794273376 -0.939077139 0.092133164 -0.331127763 -8.414291382
-0.332744241 0.025704484 0.942666709 185.182388306 0.094331086 0.995521903 0.006151436 -0.794155598 -0.938287199 0.090969630 -0.333678961 -9.163253784
-0.336127758 0.027332431 0.941419780 187.317993164 0.093611076 0.995598614 0.004517796 -0.795742035 -0.937152743 0.089645877 -0.337206960 -9.914474487
-0.339277148 0.028299257 0.940260708 189.436996460 0.092804886 0.995678067 0.003519904 -0.802263737 -0.936097383 0.088455006 -0.340437174 -10.667266846
-0.342686653 0.029127838 0.938998282 191.567382812 0.091258578 0.995824277 0.002414132 -0.815225124 -0.935006976 0.086518928 -0.343913794 -11.424011230
-0.346277714 0.029677201 0.937662542 193.706268311 0.092202187 0.995737076 0.002534888 -0.821010590 -0.933590174 0.087332308 -0.347537756 -12.204727173
-0.349943519 0.028701104 0.936331034 195.873077393 0.091666557 0.995782733 0.003735924 -0.827189445 -0.932275057 0.087137602 -0.351098657 -13.001876831
-0.353657722 0.028094446 0.934952915 198.024597168 0.091324694 0.995810449 0.004621568 -0.836919785 -0.930905998 0.087018743 -0.354741812 -13.800613403
-0.357252359 0.028022695 0.933587432 200.175170898 0.091018803 0.995836914 0.004938641 -0.839844227 -0.929562390 0.086738355 -0.358315706 -14.623123169
-0.361126065 0.028132249 0.932092607 202.316528320 0.090081386 0.995922625 0.004841999 -0.848139286 -0.928155899 0.085712768 -0.362187862 -15.435699463
-0.365078807 0.028691091 0.930534601 204.463775635 0.089391023 0.995987058 0.004361791 -0.861432076 -0.926675320 0.084773824 -0.366178513 -16.264144897
-0.368350863 0.029418968 0.929221392 206.632339478 0.089400135 0.995988131 0.003906132 -0.870736122 -0.925378561 0.084511340 -0.369503140 -17.116256714
-0.371171713 0.029990057 0.928079903 208.772384644 0.090304241 0.995906472 0.003934020 -0.884472370 -0.924162805 0.085269742 -0.372360587 -17.965484619
-0.373891234 0.029884189 0.926990986 210.923339844 0.091175571 0.995823860 0.004671405 -0.891124249 -0.922980130 0.086265534 -0.375054479 -18.828704834
-0.376387000 0.029247649 0.926000774 213.074432373 0.092309773 0.995711803 0.006071227 -0.903354645 -0.921852350 0.087764055 -0.377472758 -19.703247070
-0.378938675 0.029981291 0.924936056 215.227813721 0.093545824 0.995596588 0.006053231 -0.911277771 -0.920681715 0.088817708 -0.380074620 -20.586517334
-0.381649613 0.030842541 0.923792422 217.387969971 0.093510710 0.995603681 0.005392316 -0.920299053 -0.919564784 0.088442460 -0.382855892 -21.474884033
-0.384264946 0.030925319 0.922704816 219.539459229 0.092798300 0.995670974 0.005275453 -0.929704666 -0.918547273 0.087652609 -0.385471225 -22.367828369
-0.387382388 0.032165904 0.921358049 221.705627441 0.092458263 0.995708048 0.004112224 -0.943423271 -0.917271376 0.086780153 -0.388693810 -23.272674561
-0.390385270 0.033312824 0.920048654 223.860061646 0.092256941 0.995730460 0.003092404 -0.952315331 -0.916017413 0.086088106 -0.391791821 -24.179534912
-0.393155336 0.033284280 0.918869495 226.009811401 0.089929186 0.995945275 0.002401662 -0.966835499 -0.915063798 0.083577402 -0.394554377 -25.087585449
-0.396563768 0.034254730 0.917367816 228.160903931 0.090645306 0.995881259 0.001998109 -0.983506680 -0.913520992 0.083947465 -0.398035407 -26.001464844
-0.399176121 0.033860322 0.916248798 230.330032349 0.091865130 0.995766222 0.003223368 -1.000144005 -0.912260473 0.085458003 -0.400596738 -26.939453125
-0.402387738 0.032948337 0.914876401 232.485748291 0.092074685 0.995741308 0.004636358 -1.014725208 -0.910827458 0.086102560 -0.403707862 -27.868774414
-0.405789375 0.032368142 0.913393319 234.612380981 0.090907767 0.995846272 0.005097152 -1.025731087 -0.909434319 0.085102916 -0.407046318 -28.803253174
-0.408945560 0.032678306 0.911973476 236.763916016 0.089502864 0.995976627 0.004446360 -1.035005093 -0.908158958 0.083442561 -0.410225034 -29.750854492
-0.412810802 0.031979304 0.910255194 238.907272339 0.087753572 0.996130645 0.004800922 -1.043827534 -0.906579614 0.081860013 -0.414019823 -30.708740234
-0.417055607 0.031152029 0.908347130 241.049224854 0.086560898 0.996230960 0.005577257 -1.061329842 -0.904749751 0.080953352 -0.418180346 -31.662231445
-0.420840859 0.031374007 0.906591952 243.200286865 0.086007625 0.996279597 0.005447011 -1.072383881 -0.903048217 0.080266140 -0.421973467 -32.648010254
-0.424856901 0.031041965 0.904728055 245.332778931 0.085366063 0.996332169 0.005902619 -1.082075119 -0.901226461 0.079740845 -0.425948620 -33.635467529
-0.429080248 0.030616172 0.902747393 247.489959717 0.084353566 0.996415973 0.006300769 -1.090305328 -0.899318993 0.078853495 -0.430124998 -34.642272949
-0.433349609 0.030344188 0.900714874 249.595153809 0.083094053 0.996521115 0.006406195 -1.097773552 -0.897387028 0.077620171 -0.434363484 -35.634155273
-0.437071443 0.031319559 0.898881435 251.711715698 0.083508134 0.996489704 0.005884421 -1.106635094 -0.895541847 0.077635817 -0.438152671 -36.649536133
-0.440551162 0.031745538 0.897166133 253.801818848 0.083879933 0.996458232 0.005930105 -1.119733334 -0.893800318 0.077866748 -0.441653609 -37.662994385
-0.444609642 0.031556755 0.895168364 255.892242432 0.083533414 0.996484697 0.006360751 -1.130098820 -0.891820848 0.077604517 -0.445682764 -38.673828125
-0.448190689 0.031867832 0.893369794 257.980651855 0.082384661 0.996583819 0.005781557 -1.140923500 -0.890133619 0.076191209 -0.449285030 -39.709106445
-0.452039361 0.032274842 0.891413927 260.081604004 0.082929112 0.996537566 0.005972677 -1.150321960 -0.888134718 0.076624051 -0.453150749 -40.764831543
-0.455646515 0.032672860 0.889560997 262.179840088 0.083068460 0.996526122 0.005947304 -1.149043083 -0.886276484 0.076604329 -0.456777692 -41.839599609
-0.459200621 0.034111470 0.887677610 264.293823242 0.084581114 0.996401608 0.005464780 -1.153892040 -0.884296954 0.077590182 -0.460433364 -42.920806885
-0.462654471 0.036207281 0.885799229 266.391998291 0.086809039 0.996214271 0.004619963 -1.163344860 -0.882278562 0.079032816 -0.464046001 -44.015777588
-0.465626597 0.036778752 0.884216964 268.498535156 0.087768577 0.996129394 0.004784993 -1.174258232 -0.880618513 0.079834469 -0.467052460 -45.114105225
-0.468219280 0.039154559 0.882744372 270.593292236 0.089997709 0.995935619 0.003560768 -1.181753635 -0.879017115 0.081112191 -0.469840050 -46.222564697
-0.470765233 0.041934293 0.881261349 272.702178955 0.092126764 0.995745599 0.001831681 -1.192803383 -0.877435327 0.082050048 -0.472625732 -47.341674805
-0.473851085 0.042279162 0.879589677 274.823425293 0.092746325 0.995687544 0.002104503 -1.202475548 -0.875707507 0.082575917 -0.475728869 -48.476837158
-0.476923227 0.043555025 0.877865195 276.957000732 0.093340009 0.995633423 0.001311331 -1.212038994 -0.873974800 0.082565345 -0.478906155 -49.623382568
-0.480570436 0.043260876 0.875888646 279.093475342 0.092138641 0.995745242 0.001372640 -1.220436096 -0.872102559 0.081362829 -0.482511759 -50.776641846
-0.484042883 0.044586919 0.873907566 281.216125488 0.093148924 0.995651841 0.000795306 -1.230325699 -0.870072246 0.081788518 -0.486091495 -51.937316895
-0.487190843 0.044812802 0.872144878 283.350280762 0.092341349 0.995727301 0.000420274 -1.241787434 -0.868399680 0.080739789 -0.489247322 -53.120330811
-0.490138650 0.044458561 0.870509982 285.495910645 0.090542860 0.995892525 0.000117866 -1.254091263 -0.866929173 0.078876227 -0.492150903 -54.314086914
-0.492753267 0.045017943 0.869003773 287.629882812 0.092186615 0.995741487 0.000689324 -1.273440361 -0.865272105 0.080450185 -0.494804978 -55.502960205
-0.494994640 0.044965617 0.867731929 289.794830322 0.093898915 0.995579779 0.001973628 -1.290375710 -0.863807619 0.082456015 -0.497028828 -56.730499268
-0.497180820 0.045107007 0.866473854 291.964233398 0.094408169 0.995530784 0.002345711 -1.289077759 -0.862495601 0.082968444 -0.499217272 -57.978851318
-0.499183416 0.044322897 0.865362048 294.110473633 0.093934894 0.995573223 0.003194089 -1.303238869 -0.861389697 0.082882129 -0.501137137 -59.203125000
-0.501556635 0.043580160 0.864026546 296.259094238 0.093346521 0.995625794 0.003968666 -1.306262970 -0.860074162 0.082644381 -0.503430843 -60.433197021
-0.504349470 0.043971684 0.862379313 298.435272217 0.094830766 0.995482326 0.004701888 -1.308132172 -0.858276606 0.084151492 -0.506240845 -61.687683105
-0.506671667 0.043647204 0.861033499 300.624267578 0.094789341 0.995483160 0.005315723 -1.306335449 -0.856912374 0.084310129 -0.508520365 -62.966491699
-0.508643746 0.044147525 0.859844506 302.781372070 0.094280168 0.995534837 0.004657373 -1.317698956 -0.855799496 0.083435223 -0.510534763 -64.232055664
-0.510948181 0.046640400 0.858345330 304.971008301 0.093657263 0.995603144 0.001652803 -1.312287331 -0.854494214 0.081234775 -0.513069868 -65.535125732
-0.514470458 0.045734156 0.856287837 307.165527344 0.091913849 0.995764852 0.002039597 -1.325325489 -0.852568030 0.079754010 -0.516495228 -66.837219238
-0.518699288 0.043856796 0.853831172 309.371093750 0.089533560 0.995978534 0.003233145 -1.327936649 -0.850255728 0.078123577 -0.520539999 -68.172912598
-0.523567557 0.041220434 0.850986481 311.555480957 0.087128125 0.996182740 0.005351873 -1.336624146 -0.847517431 0.076946922 -0.525160432 -69.483428955
-0.527682543 0.040074185 0.848495781 313.733825684 0.085932910 0.996280432 0.006387986 -1.331686974 -0.845083773 0.076284543 -0.529163480 -70.836395264
-0.532354236 0.040078953 0.845572472 315.965515137 0.086294457 0.996244311 0.007108536 -1.331629753 -0.842111826 0.076752469 -0.533813477 -72.219482422
-0.536668420 0.041628093 0.842765808 318.173645020 0.088547185 0.996046066 0.007187012 -1.322508812 -0.839134395 0.078481585 -0.538232446 -73.605377197
-0.540316463 0.042525001 0.840386629 320.380401611 0.089554124 0.995956063 0.007180663 -1.319072723 -0.836682796 0.079139926 -0.541939735 -75.010406494
-0.544106722 0.042720087 0.837927699 322.598999023 0.090495817 0.995864749 0.007991089 -1.318323612 -0.834121346 0.080176957 -0.545722723 -76.433074951
-0.548216939 0.041246176 0.835318565 324.824157715 0.090418875 0.995851934 0.010168660 -1.313107491 -0.831434131 0.081103191 -0.549672365 -77.876220703
-0.552264571 0.039790709 0.832718790 327.048828125 0.089524351 0.995914936 0.011784249 -1.318379402 -0.828848124 0.081056640 -0.553570747 -79.333709717
-0.556355715 0.039218809 0.830018163 329.256713867 0.088283136 0.996021748 0.012113042 -1.310237885 -0.826241076 0.080015771 -0.557604790 -80.787750244
-0.560453773 0.039142352 0.827260375 331.457611084 0.088706911 0.995973289 0.012972191 -1.307287216 -0.823421478 0.080654018 -0.561669230 -82.258453369
-0.564426184 0.039098799 0.824557066 333.650573730 0.089224830 0.995915174 0.013851972 -1.290720463 -0.820647299 0.081389382 -0.565609217 -83.735748291
-0.568718314 0.038722742 0.821620643 335.845214844 0.089528926 0.995870709 0.015035983 -1.271270275 -0.817645729 0.082110040 -0.569836617 -85.235351562
-0.572362065 0.037558153 0.819140673 338.048889160 0.088211179 0.995973766 0.015970131 -1.261148453 -0.815242767 0.081398048 -0.573370695 -86.748870850
-0.575527191 0.036951870 0.816947579 340.247314453 0.088102564 0.995966017 0.017017739 -1.237648964 -0.813023210 0.081769340 -0.576461077 -88.288269043
-0.578062177 0.036164459 0.815191031 342.424621582 0.088599145 0.995892823 0.018645793 -1.222366333 -0.811168551 0.083003648 -0.578892112 -89.823028564
-0.580999494 0.035344630 0.813136220 344.615417480 0.086099587 0.996119916 0.018221201 -1.200501442 -0.809337199 0.080597199 -0.581788301 -91.374450684
-0.584351897 0.034350961 0.810773075 346.797760010 0.082302891 0.996460617 0.017100301 -1.176882744 -0.807316005 0.076721556 -0.585110784 -92.911285400
-0.588119030 0.033923566 0.808062553 348.947875977 0.079017155 0.996750176 0.015664840 -1.150094509 -0.804905117 0.073063597 -0.588888288 -94.417083740
-0.589946747 0.031131348 0.806841731 351.135498047 0.076915987 0.996879101 0.017775670 -1.135773659 -0.803770304 0.072545730 -0.590500116 -96.046173096
-0.593317866 0.030417247 0.804393411 353.299560547 0.077233374 0.996826768 0.019273173 -1.107631683 -0.801254570 0.073561132 -0.593784332 -97.614105225
-0.596272349 0.030614650 0.802198350 355.443664551 0.076633386 0.996879876 0.018917063 -1.083758354 -0.799116194 0.072754897 -0.596758008 -99.192413330
-0.599758863 0.029587436 0.799633622 357.595855713 0.074693471 0.997022986 0.019132156 -1.057242393 -0.796687067 0.071202084 -0.600183368 -100.763671875
-0.603257418 0.025765115 0.797130466 359.760253906 0.072098404 0.997147441 0.022332935 -1.030804634 -0.794281244 0.070944332 -0.603394151 -102.360504150
-0.606536269 0.023163525 0.794718325 361.861511230 0.069680385 0.997277915 0.024113204 -1.006957054 -0.791996479 0.070001811 -0.606499195 -103.918487549
-0.610197544 0.021914871 0.791946292 364.022338867 0.067577645 0.997413933 0.024468208 -0.965299606 -0.789362073 0.068448298 -0.610100508 -105.520477295
-0.612318635 0.022370396 0.790294766 366.163818359 0.067730926 0.997408986 0.024244705 -0.931833267 -0.787704766 0.068372875 -0.612247229 -107.187133789
-0.615287185 0.021516897 0.788009524 368.297912598 0.067115784 0.997427702 0.025169650 -0.898014069 -0.785440922 0.068374433 -0.615148664 -108.810516357
-0.617856979 0.020785443 0.786015868 370.398864746 0.066951826 0.997410774 0.026252680 -0.870118141 -0.783434987 0.068845592 -0.617648840 -110.434112549
-0.620714188 0.019302299 0.783799231 372.517883301 0.063760556 0.997628391 0.025925724 -0.834649086 -0.781439960 0.066067941 -0.620472908 -112.080688477
-0.623707771 0.015744189 0.781499207 374.641143799 0.053890347 0.998284280 0.022897841 -0.802195549 -0.779797912 0.056396816 -0.623486161 -113.734130859
-0.627278328 0.018131541 0.778584003 376.766784668 0.046196219 0.998834848 0.013957997 -0.781048298 -0.777423799 0.044723190 -0.627385139 -115.390258789
-0.629898071 0.028213628 0.776165307 378.877441406 0.056080997 0.998383641 0.009221338 -0.777113438 -0.774650574 0.049336623 -0.630462289 -117.078216553
-0.630545855 0.030213360 0.775563657 380.909973145 0.064607650 0.997817278 0.013655459 -0.770542145 -0.773458242 0.058717746 -0.631121635 -118.749267578
-0.632582068 0.020864898 0.774212480 383.020324707 0.063463859 0.997671783 0.024967005 -0.744604111 -0.771888971 0.064928181 -0.632433414 -120.458587646
-0.636054993 0.010623629 0.771570683 385.109069824 0.057420645 0.997784615 0.033597171 -0.683785439 -0.769504428 0.065673731 -0.635255814 -122.117248535
-0.639706612 0.004223919 0.768607795 387.212524414 0.051032696 0.998011768 0.036989514 -0.618185997 -0.766923368 0.062886558 -0.638650298 -123.808837891
-0.642255664 0.003776192 0.766481400 389.237274170 0.050107304 0.998055696 0.037069190 -0.562358856 -0.764851093 0.062214207 -0.641196132 -125.464385986
-0.644992471 0.008948061 0.764136732 391.305236816 0.055473793 0.997841597 0.035139561 -0.506917000 -0.762172997 0.065054305 -0.644096732 -127.174224854
-0.647072315 0.015372677 0.762273729 393.352050781 0.060224533 0.997703314 0.031002324 -0.453680992 -0.760046422 0.065968320 -0.646512032 -128.894256592
-0.649602413 0.018298099 0.760053933 395.405029297 0.060950950 0.997745931 0.028073046 -0.402343750 -0.757826984 0.064562321 -0.649253488 -130.623138428
-0.652816296 0.018581318 0.757288754 397.471191406 0.060970489 0.997744560 0.028077934 -0.353495598 -0.755059004 0.064501986 -0.652476788 -132.370483398
-0.655399084 0.018005619 0.755068123 399.481445312 0.062083341 0.997617006 0.030098811 -0.311560631 -0.752726853 0.066603884 -0.654955149 -134.109130859
-0.657670140 0.017543428 0.753101885 401.511718750 0.062622793 0.997541606 0.031449713 -0.252822876 -0.750698745 0.067844875 -0.657151937 -135.865478516
-0.659864545 0.017898172 0.751171470 403.513580322 0.063091800 0.997505546 0.031655237 -0.201871872 -0.748731136 0.068280928 -0.659347773 -137.571777344
-0.661469817 0.017875968 0.749758899 405.541229248 0.063256584 0.997483313 0.032025412 -0.148202896 -0.747299492 0.068611026 -0.660935879 -139.330749512
-0.662354112 0.018790420 0.748955488 407.531066895 0.064427771 0.997410655 0.031954139 -0.095454216 -0.746415734 0.069418475 -0.661849737 -141.090637207
-0.663599253 0.018028878 0.747871280 409.541015625 0.065558001 0.997264922 0.034129757 -0.039709091 -0.745210469 0.071677417 -0.662966251 -142.865295410
-0.664466977 0.017385652 0.747115493 411.518249512 0.067171261 0.997072220 0.036538299 0.018900871 -0.744292796 0.074463174 -0.663689375 -144.601745605
-0.665780663 0.017404353 0.745944679 413.530548096 0.069028832 0.996877193 0.038351446 0.088047028 -0.742947757 0.077025332 -0.664903045 -146.377014160
-0.667196989 0.017411316 0.744677961 415.512969971 0.067643411 0.997012317 0.037294216 0.151344299 -0.741803706 0.075255133 -0.666381359 -148.140075684
-0.668703437 0.017405339 0.743325949 417.493255615 0.063934363 0.997369230 0.034162082 0.215125084 -0.740775824 0.070368350 -0.668056965 -149.894165039
-0.670066595 0.016738584 0.742112160 419.441101074 0.060686290 0.997634351 0.032292787 0.276823044 -0.739816070 0.066674359 -0.669497252 -151.629150391
-0.670916438 0.016399262 0.741351545 421.412994385 0.060623214 0.997621834 0.032795310 0.333072662 -0.739050686 0.066946030 -0.670315027 -153.395629883
-0.671784639 0.014954634 0.740595520 423.401062012 0.058174998 0.997773230 0.032622036 0.394605637 -0.738458574 0.064999126 -0.671158671 -155.185913086
-0.672764540 0.013783339 0.739728212 425.393005371 0.055163231 0.997977972 0.031574298 0.450677872 -0.737797260 0.062047865 -0.672164559 -156.971313477
-0.673711896 0.013305761 0.738874555 427.342224121 0.054208703 0.998034060 0.031455193 0.508758545 -0.737003386 0.061245155 -0.673108697 -158.729309082
-0.674195647 0.011993169 0.738455474 429.320068359 0.054702565 0.997932673 0.033735078 0.568434715 -0.736524284 0.063139446 -0.673457980 -160.516418457
-0.674298406 0.011221826 0.738373697 431.264282227 0.057845846 0.997614801 0.037664264 0.623950958 -0.736189902 0.068108805 -0.673339128 -162.284973145
-0.673282743 0.010177572 0.739315152 433.213195801 0.062650457 0.997094572 0.043328568 0.698564529 -0.736726105 0.075490810 -0.671964169 -164.066467285
-0.672046065 0.009272667 0.740451276 435.186645508 0.065838344 0.996709824 0.047274198 0.788698196 -0.737576663 0.080520526 -0.670445323 -165.848327637
-0.670786500 0.006604712 0.741621315 437.139831543 0.059870128 0.997179091 0.045271069 0.878395081 -0.739230216 0.074768171 -0.669289708 -167.586547852
-0.669761539 0.006043661 0.742551744 439.099914551 0.053075045 0.997799039 0.039751116 0.964290619 -0.740677178 0.066034734 -0.668608189 -169.361877441
-0.668253541 0.003676825 0.743924797 441.084747314 0.048287403 0.998093426 0.038442608 1.032667160 -0.742365122 0.061611589 -0.667157054 -171.117553711
-0.665814638 0.003680266 0.746108234 443.034667969 0.046899386 0.998216808 0.036928412 1.098047256 -0.744641900 0.059579488 -0.664799929 -172.840637207
-0.662909031 0.004239460 0.748688221 445.020690918 0.048582960 0.998120010 0.037364800 1.166135788 -0.747122288 0.061142940 -0.661868691 -174.594604492
-0.660219073 0.004392981 0.751060307 446.990966797 0.049535450 0.998060346 0.037706412 1.235940933 -0.749437869 0.062098600 -0.659156084 -176.323913574
-0.657779098 0.005272095 0.753192425 448.984863281 0.047443952 0.998279810 0.034446195 1.302163124 -0.751715183 0.058392413 -0.656897664 -178.053100586
-0.656419754 0.000244898 0.754395723 450.976501465 0.040270783 0.998585522 0.034716509 1.360773087 -0.753320158 0.053168714 -0.655501127 -179.767089844
-0.655466795 -0.005952735 0.755200505 452.985778809 0.032064326 0.998847902 0.035703070 1.421046257 -0.754543006 0.047617175 -0.654520750 -181.479064941
-0.654929042 -0.009792149 0.755626798 454.989135742 0.024336578 0.999124110 0.034041017 1.475806236 -0.755298257 0.040683828 -0.654117107 -183.185485840
-0.654454350 -0.010505104 0.756028593 457.005004883 0.022422146 0.999194086 0.033293590 1.532184601 -0.755769074 0.038740918 -0.653691292 -184.885192871
-0.653276324 -0.009527627 0.757059753 459.019958496 0.025756093 0.999062419 0.034798495 1.600988388 -0.756681442 0.042231932 -0.652418375 -186.626647949
-0.652029276 -0.010723185 0.758117974 461.031280518 0.027256675 0.998922169 0.037571698 1.667869568 -0.757703722 0.045161620 -0.651034117 -188.333679199
-0.650547266 -0.012739307 0.759359062 463.016418457 0.026158087 0.998890221 0.039167557 1.735095978 -0.759015322 0.045343723 -0.649492025 -190.013427734
-0.649454951 -0.012999573 0.760288954 465.045654297 0.023992950 0.999005675 0.037576489 1.804998398 -0.760021448 0.042645812 -0.648497343 -191.715270996
-0.648636580 -0.012279236 0.760999203 467.052307129 0.022802096 0.999107480 0.035556611 1.865452766 -0.760756612 0.040415693 -0.647777677 -193.393432617
-0.647768021 -0.010766633 0.761761844 469.105651855 0.023387106 0.999147832 0.034009151 1.934982300 -0.761478841 0.039845437 -0.646964192 -195.098754883
-0.646704555 -0.010425632 0.762669265 471.101135254 0.025710840 0.999040365 0.035458289 1.987680435 -0.762307048 0.042539909 -0.645815969 -196.776184082
