1.000000000 0.000000000 0.000000000 0.000000000 0.000000000 1.000000000 0.000000000 0.000000000 0.000000000 0.000000000 1.000000000 0.000000000
0.999991536 -0.002356232 -0.003378429 -0.003953317 0.002348623 0.999994695 -0.002254475 -0.003411037 0.003383723 0.002246521 0.999991775 0.666553199
0.999972045 -0.001046179 -0.007399912 -0.015641833 0.001020014 0.999993205 -0.003538746 -0.010877783 0.007403564 0.003531099 0.999966383 1.356092215
0.999937415 -0.001500933 -0.011088578 -0.027658584 0.001447676 0.999987364 -0.004809317 -0.015538647 0.011095657 0.004792963 0.999926925 2.066097736
0.999871850 0.000091582 -0.016007654 -0.045449562 -0.000181749 0.999984145 -0.005631325 -0.016677856 0.016006885 0.005633513 0.999855995 2.793251753
0.999795735 -0.000597802 -0.020201851 -0.067044355 0.000480522 0.999983013 -0.005809773 -0.026724333 0.020204982 0.005798879 0.999779046 3.531213045
0.999698222 0.000712617 -0.024555216 -0.091982067 -0.000888925 0.999973893 -0.007169878 -0.031916209 0.024549466 0.007189542 0.999672771 4.286985874
0.999560356 0.003307549 -0.029465156 -0.123164341 -0.003541100 0.999962687 -0.007877694 -0.037817728 0.029438000 0.007978569 0.999534786 5.052949905
0.999419153 0.003791961 -0.033866446 -0.153850585 -0.003999268 0.999973655 -0.006055657 -0.050532434 0.033842593 0.006187581 0.999408007 5.846295357
0.999260724 0.003182107 -0.038313668 -0.188728273 -0.003318887 0.999988317 -0.003506955 -0.055516023 0.038302064 0.003631521 0.999259591 6.644717693
0.999137163 0.002600046 -0.041450206 -0.232323527 -0.002619441 0.999996483 -0.000413625 -0.069045246 0.041448984 0.000521844 0.999140501 7.451945305
0.999017656 0.004231175 -0.044112008 -0.272918999 -0.004304153 0.999989510 -0.001559527 -0.076342143 0.044104949 0.001747860 0.999025345 8.265064240
0.998926163 0.003810397 -0.046173058 -0.318828970 -0.003895365 0.999990880 -0.001750368 -0.082382113 0.046165969 0.001928349 0.998931944 9.082516670
0.998845994 0.001306428 -0.048009645 -0.361026138 -0.001425564 0.999996006 -0.002447343 -0.087419249 0.048006255 0.002512960 0.998843849 9.911822319
0.998737633 0.000758528 -0.050225500 -0.396491021 -0.000831965 0.999998629 -0.001441260 -0.098730832 0.050224338 0.001481226 0.998736858 10.753933907
0.998658597 -0.000726652 -0.051773768 -0.442165613 0.000630405 0.999998033 -0.001875310 -0.105479360 0.051775031 0.001840156 0.998657107 11.601175308
0.998568356 0.001571332 -0.053466942 -0.497656375 -0.001788609 0.999990344 -0.004016160 -0.116605826 0.053460114 0.004106042 0.998561561 12.457995415
0.998496115 0.002320495 -0.054772884 -0.548989475 -0.002685557 0.999974668 -0.006592356 -0.131115273 0.054756198 0.006729537 0.998477101 13.321721077
0.998385370 0.006213253 -0.056462511 -0.609891891 -0.006685966 0.999944150 -0.008187100 -0.143276662 0.056408487 0.008551387 0.998371124 14.192124367
0.998315930 0.007408321 -0.057535876 -0.665309429 -0.007872431 0.999938250 -0.007843967 -0.155591577 0.057474211 0.008283704 0.998312652 15.084752083
0.998233974 0.006429309 -0.059055984 -0.715616226 -0.006807394 0.999957561 -0.006203192 -0.170516223 0.059013598 0.006594255 0.998235404 15.976567268
0.998173356 0.007184283 -0.059986021 -0.780416012 -0.007504473 0.999958754 -0.005114143 -0.178420171 0.059946805 0.005554965 0.998186111 16.869379044
0.998093903 0.006649596 -0.061354216 -0.834200978 -0.006970750 0.999963105 -0.005021854 -0.192559376 0.061318558 0.005439967 0.998103440 17.778800964
0.997986794 0.006632225 -0.063073993 -0.890359104 -0.007005418 0.999959230 -0.005697439 -0.205840349 0.063033633 0.006127829 0.997992575 18.684801102
0.997936368 0.005146322 -0.064004511 -0.952117085 -0.005560009 0.999964774 -0.006286961 -0.220198289 0.063969903 0.006629852 0.997929811 19.595762253
0.997887909 0.004973675 -0.064768940 -1.006260872 -0.005277877 0.999975801 -0.004526464 -0.233049527 0.064744860 0.004858746 0.997889996 20.512474060
0.997882903 0.006456398 -0.064714722 -1.071833014 -0.006553789 0.999977708 -0.001292750 -0.242984205 0.064704932 0.001714140 0.997902989 21.446567535
0.997947395 0.007454090 -0.063603461 -1.136453509 -0.007316620 0.999970376 0.002394006 -0.251880050 0.063619420 -0.001923730 0.997972369 22.376873016
0.998042107 0.006627750 -0.062193800 -1.194667816 -0.006300054 0.999965250 0.005463588 -0.261459202 0.062227849 -0.005061066 0.998049140 23.313421249
0.998134375 0.006089454 -0.060751010 -1.252966166 -0.005705940 0.999962687 0.006484363 -0.271866739 0.060788229 -0.006125624 0.998131871 24.261581421
0.998233914 0.006509393 -0.059047956 -1.317812324 -0.006309883 0.999973714 0.003564607 -0.276262373 0.059069607 -0.003185726 0.998248756 25.200273514
0.998270333 0.007005514 -0.058371473 -1.373485684 -0.007087933 0.999974132 -0.001205056 -0.284751296 0.058361523 0.001616705 0.998294234 26.136579514
0.998312056 0.006396110 -0.057724278 -1.419747233 -0.006649438 0.999969065 -0.004197570 -0.292095929 0.057695646 0.004574318 0.998323739 27.122436523
0.998365760 0.003542752 -0.057037435 -1.476197720 -0.003738434 0.999987483 -0.003324441 -0.299543738 0.057024945 0.003532239 0.998366535 28.082988739
0.998374820 0.001927360 -0.056955907 -1.536908031 -0.001828077 0.999996722 0.001795194 -0.312980086 0.056959182 -0.001688157 0.998375058 29.058353424
0.998325944 -0.001423680 -0.057821304 -1.586931825 0.001729590 0.999984741 0.005240923 -0.323238879 0.057812959 -0.005332157 0.998313189 30.021322250
0.998228431 -0.008329119 -0.058912303 -1.638377786 0.008604438 0.999953210 0.004421246 -0.328585625 0.058872722 -0.004920320 0.998253345 30.991842270
0.998120070 -0.010765017 -0.060336515 -1.692108870 0.010819009 0.999941289 0.000568212 -0.334402859 0.060326859 -0.001219925 0.998177946 31.963459015
0.998053730 -0.010317993 -0.061500054 -1.758621097 0.010127829 0.999942899 -0.003403031 -0.342005908 0.061531659 0.002773545 0.998101294 32.941333771
0.997899532 -0.008989586 -0.064153984 -1.818610072 0.008720292 0.999951959 -0.004476423 -0.347970217 0.064191140 0.003907579 0.997929990 33.937644958
0.997882843 -0.009068921 -0.064401954 -1.886029840 0.008913992 0.999956667 -0.002692596 -0.369635224 0.064423576 0.002112817 0.997920394 34.900196075
0.997830987 -0.006072843 -0.065546997 -1.962735057 0.006092271 0.999981463 0.000096516 -0.380823880 0.065545194 -0.000495637 0.997849464 35.892623901
0.997736514 -0.005788196 -0.066994965 -2.025053978 0.005906277 0.999981344 0.001564604 -0.396165043 0.066984661 -0.001956753 0.997752070 36.884433746
0.997669101 -0.004805406 -0.068068430 -2.095293045 0.005102495 0.999978185 0.004191379 -0.405070126 0.068046808 -0.004528928 0.997671843 37.863964081
0.997689128 -0.004433858 -0.067798883 -2.162089348 0.004928689 0.999962389 0.007132980 -0.415704399 0.067764714 -0.007450656 0.997673512 38.863807678
0.997649789 0.001194188 -0.068508506 -2.236196995 -0.000547496 0.999955118 0.009457589 -0.420724481 0.068516724 -0.009397854 0.997605681 39.845481873
0.997651160 0.002115429 -0.068466432 -2.311519146 -0.001514534 0.999959886 0.008827210 -0.430772573 0.068482362 -0.008702782 0.997614384 40.825984955
0.997637928 0.001878328 -0.068666108 -2.374471903 -0.001410728 0.999975502 0.006857616 -0.427012682 0.068677306 -0.006744549 0.997616112 41.835102081
0.997649074 0.004338038 -0.068392493 -2.456617117 -0.004033488 0.999981344 0.004590424 -0.434089452 0.068411127 -0.004303772 0.997647941 42.823440552
0.997582614 0.003757751 -0.069388568 -2.528996706 -0.003423554 0.999981940 0.004934606 -0.445166528 0.069405861 -0.004685122 0.997577488 43.810298920
0.997500002 0.001538261 -0.070649877 -2.595357180 -0.001134063 0.999982774 0.005760899 -0.448268533 0.070657521 -0.005666375 0.997484565 44.802379608
0.997445762 0.001980768 -0.071400881 -2.671819448 -0.001494666 0.999975324 0.006860858 -0.458609551 0.071412712 -0.006736613 0.997424126 45.790744781
0.997424126 0.004766017 -0.071571276 -2.754905224 -0.004542430 0.999984264 0.003286412 -0.470621109 0.071585812 -0.002952839 0.997430086 46.766651154
0.997353733 0.005582289 -0.072486840 -2.836704731 -0.005664967 0.999983490 -0.000935057 -0.478496671 0.072480425 0.001343218 0.997368932 47.742469788
0.997297883 0.006021678 -0.073216401 -2.894219398 -0.006198612 0.999978364 -0.002189611 -0.481717736 0.073201634 0.002637535 0.997313678 48.702129364
0.997299433 0.004878111 -0.073280640 -2.969392776 -0.004787267 0.999987543 0.001415274 -0.495775551 0.073286630 -0.001060638 0.997310340 49.682765961
0.997325182 0.002935556 -0.073032983 -3.048404932 -0.002629769 0.999987364 0.004282773 -0.504614234 0.073044635 -0.004079257 0.997320354 50.646564484
0.997276068 0.001144690 -0.073750854 -3.108246326 -0.000765352 0.999986351 0.005171564 -0.516626120 0.073755763 -0.005101032 0.997263312 51.605743408
0.997259736 -0.002064003 -0.073951304 -3.180231094 0.002363473 0.999989331 0.003962279 -0.526677191 0.073942341 -0.004126203 0.997253954 52.556995392
0.997215986 -0.004675235 -0.074420162 -3.246742487 0.004892558 0.999984264 0.002738177 -0.538395166 0.074406192 -0.003094659 0.997223198 53.498874664
0.997116506 -0.006463694 -0.075609870 -3.310466290 0.006808768 0.999967515 0.004306988 -0.552800536 0.075579576 -0.004809379 0.997128189 54.458892822
0.997008920 -0.009266150 -0.076729409 -3.382711172 0.009908719 0.999918938 0.007998008 -0.555393159 0.076649077 -0.008734376 0.997019887 55.412441254
0.996954978 -0.009908748 -0.077347204 -3.455237150 0.010942390 0.999856234 0.012951308 -0.557357907 0.077207752 -0.013758234 0.996920109 56.360191345
0.996899068 -0.009016977 -0.078172281 -3.525355816 0.010252327 0.999828577 0.015415997 -0.564460516 0.078019872 -0.016169641 0.996820688 57.316257477
0.996788621 -0.007725272 -0.079704091 -3.602366686 0.008636021 0.999901235 0.011088241 -0.563161194 0.079610556 -0.011740959 0.996756911 58.243904114
0.996740401 -0.006514722 -0.080412246 -3.693374872 0.006804386 0.999971330 0.003328742 -0.565518081 0.080388255 -0.003865047 0.996756136 59.161392212
0.996655226 -0.004661911 -0.081588089 -3.769572258 0.004583013 0.999988854 -0.001154281 -0.578352809 0.081592560 0.000776501 0.996665478 60.095680237
0.996602833 0.000293353 -0.082356915 -3.856531143 -0.000311695 0.999999940 -0.000209859 -0.591899395 0.082356848 0.000234816 0.996602893 60.995361328
0.996479988 0.003235484 -0.083768256 -3.938925028 -0.003078845 0.999993265 0.001999018 -0.603265822 0.083774157 -0.001734072 0.996483266 61.884853363
0.996399701 0.005467129 -0.084603637 -4.016507149 -0.005180620 0.999980092 0.003605662 -0.619593799 0.084621668 -0.003154381 0.996408165 62.772521973
0.996294796 0.006354545 -0.085768633 -4.096467972 -0.006095476 0.999976039 0.003282111 -0.629535019 0.085787430 -0.002747150 0.996309698 63.639152527
0.996161163 0.008066564 -0.087165810 -4.180222034 -0.007726024 0.999961138 0.004243478 -0.640361428 0.087196656 -0.003553743 0.996184766 64.491806030
0.996024489 0.008841659 -0.088639863 -4.253447056 -0.008439717 0.999952316 0.004908314 -0.653204441 0.088679038 -0.004140706 0.996051669 65.330513000
0.995900273 0.008612597 -0.090047278 -4.330746651 -0.008160410 0.999952197 0.005388621 -0.662053764 0.090089381 -0.004631707 0.995922923 66.157104492
0.995796204 0.008359545 -0.091214530 -4.406579494 -0.007805915 0.999948919 0.006424608 -0.670874536 0.091263570 -0.005685587 0.995810568 66.962623596
0.995642185 0.011343063 -0.092563190 -4.487465858 -0.010546945 0.999903083 0.009085470 -0.678239107 0.092657283 -0.008069619 0.995665371 67.757514954
0.995504856 0.012888911 -0.093829311 -4.570194721 -0.011691343 0.999843180 0.013301826 -0.684143007 0.093986049 -0.012145042 0.995499432 68.556457520
0.995297372 0.016159907 -0.095509373 -4.652285576 -0.014798403 0.999778807 0.014946399 -0.687784910 0.095729776 -0.013462725 0.995316327 69.337120056
0.995139897 0.018790601 -0.096661612 -4.737116337 -0.017827686 0.999782562 0.010815819 -0.693655133 0.096843831 -0.009040000 0.995258510 70.079803467
0.994996011 0.018775305 -0.098134525 -4.805485725 -0.018499849 0.999821961 0.003716187 -0.705886185 0.098186828 -0.001882117 0.995166242 70.799751282
0.994852483 0.017855838 -0.099748068 -4.876779556 -0.018169824 0.999832392 -0.002240149 -0.710382342 0.099691354 0.004041023 0.995010197 71.509498596
0.994791806 0.018521676 -0.100230545 -4.948050499 -0.018953487 0.999814749 -0.003357565 -0.717904627 0.100149788 0.005239796 0.994958580 72.198196411
0.994689941 0.021238772 -0.100702003 -5.033104897 -0.021334691 0.999772370 0.000124493 -0.725738704 0.100681730 0.002024614 0.994916618 72.880432129
0.994570613 0.021891806 -0.101735368 -5.110591888 -0.021759257 0.999760330 0.002412566 -0.741981864 0.101763800 -0.000185782 0.994808555 73.533454895
0.994518518 0.018315762 -0.102944016 -5.169633865 -0.018488424 0.999828815 -0.000723242 -0.756208599 0.102913149 0.002622550 0.994686902 74.160964966
0.994607031 0.010056112 -0.103226803 -5.217897415 -0.010711277 0.999925852 -0.005794472 -0.774724543 0.103160881 0.006868913 0.994640946 74.780082703
0.994756460 0.006066752 -0.102092050 -5.274723530 -0.007189579 0.999917626 -0.010633816 -0.782943428 0.102019124 0.011312056 0.994718134 75.375335693
0.995061815 0.008155562 -0.098921336 -5.336339951 -0.009274901 0.999898016 -0.010860855 -0.795942664 0.098822676 0.011724708 0.995036006 75.954299927
0.995384514 0.013602699 -0.094997816 -5.394893646 -0.014401314 0.999866426 -0.007726102 -0.810006320 0.094880030 0.009058535 0.995447516 76.526908875
0.995814621 0.012105724 -0.090590559 -5.441608429 -0.012575539 0.999910235 -0.004617125 -0.819919527 0.090526536 0.005737026 0.995877504 77.082458496
0.996363759 0.008611717 -0.084764741 -5.477282047 -0.008686689 0.999962151 -0.000515666 -0.830170572 0.084757097 0.001250115 0.996400833 77.625465393
0.997057319 0.003955329 -0.076557547 -5.507815361 -0.003747430 0.999988914 0.002859063 -0.843651235 0.076568000 -0.002563756 0.997061074 78.156417847
0.997801900 0.007670811 -0.065821931 -5.543679714 -0.007497809 0.999967754 0.002874974 -0.855577111 0.065841861 -0.002375134 0.997827232 78.669616699
0.998633206 0.012824688 -0.050668221 -5.570764542 -0.012735131 0.999916732 0.002089978 -0.860104978 0.050690804 -0.001441855 0.998713374 79.170158386
0.999321997 0.017648157 -0.032313280 -5.590798378 -0.017571963 0.999842107 0.002640408 -0.866359711 0.032354776 -0.002070811 0.999474287 79.659194946
0.999811471 0.016280811 -0.010580212 -5.571189404 -0.016248966 0.999863207 0.003088865 -0.870222747 0.010629054 -0.002916366 0.999939263 80.146446228
0.999794900 0.012657428 0.015810616 -5.544231892 -0.012720745 0.999911427 0.003910575 -0.877665877 -0.015759720 -0.004110896 0.999867380 80.609008789
0.998912871 0.011624055 0.045143411 -5.499262333 -0.011897834 0.999912381 0.005800703 -0.889508009 -0.045072030 -0.006331506 0.998963654 81.066719055
0.996854484 0.011051249 0.078479037 -5.447011471 -0.011648851 0.999906480 0.007161085 -0.896742761 -0.078392558 -0.008052750 0.996890068 81.515533447
0.993189931 0.011285884 0.115958370 -5.370867252 -0.012237804 0.999897003 0.007500469 -0.901921511 -0.115861773 -0.008868466 0.993225753 81.942565918
0.987450600 0.011496407 0.157509029 -5.275697708 -0.012806905 0.999891281 0.007307706 -0.904887974 -0.157407895 -0.009233202 0.987490535 82.369209290
0.979172826 0.010749573 0.202743694 -5.161639690 -0.012460899 0.999896705 0.007166243 -0.911986828 -0.202645704 -0.009543358 0.979205608 82.790702820
0.967786193 0.013114740 0.251431763 -5.027262688 -0.014816303 0.999878347 0.004875549 -0.919182777 -0.251337230 -0.008443777 0.967862725 83.184936523
0.952367842 0.014466790 0.304608256 -4.876444817 -0.015859233 0.999872029 0.002097395 -0.929643214 -0.304538935 -0.006828344 0.952475429 83.566276550
0.932517231 0.014801903 0.360821992 -4.720622063 -0.015791100 0.999875307 -0.000206708 -0.934767008 -0.360780060 -0.005505017 0.932634711 83.900634766
0.908390403 0.015303736 0.417842865 -4.515555382 -0.015747530 0.999873161 -0.002385797 -0.938613176 -0.417826384 -0.004412758 0.908516169 84.250442505
0.879452169 0.015371343 0.475739032 -4.296772480 -0.014986274 0.999877095 -0.004602824 -0.944736063 -0.475751340 -0.003081592 0.879574418 84.575416565
0.845771074 0.013959851 0.533363342 -4.058406830 -0.012403341 0.999901950 -0.006502314 -0.955606818 -0.533401847 -0.001116017 0.845861256 84.886642456
0.808999062 0.014368115 0.587634325 -3.794146538 -0.011548174 0.999896765 -0.008549824 -0.960500121 -0.587696493 0.000130698 0.809081495 85.174041748
0.768966734 0.012459226 0.639167368 -3.520993233 -0.010243684 0.999921858 -0.007167450 -0.976204336 -0.639206707 -0.001035899 0.769034266 85.446487427
0.727435827 0.012290739 0.686065614 -3.232107162 -0.012258136 0.999912798 -0.004915942 -0.985997319 -0.686066210 -0.004833853 0.727523088 85.663665771
0.681812048 0.011317756 0.731439829 -2.929428101 -0.011595035 0.999921918 -0.004663729 -0.993564010 -0.731435537 -0.005301282 0.681890070 85.897651672
0.635499477 0.009933435 0.772037446 -2.608497620 -0.008311662 0.999947309 -0.006024132 -1.002584696 -0.772056580 -0.002588580 0.635548532 86.098983765
0.588246226 0.007259203 0.808649361 -2.275909424 -0.002775745 0.999971926 -0.006957501 -1.012492657 -0.808677197 0.001848120 0.588249803 86.287574768
0.541964710 0.009536403 0.840347230 -1.933803558 -0.004653417 0.999954343 -0.008346527 -1.021098971 -0.840388417 0.000613038 0.541984320 86.459358215
0.494760215 0.012513190 0.868939459 -1.599243164 -0.007638928 0.999920309 -0.010049901 -1.026412725 -0.868995965 -0.001665475 0.494816422 86.613105774
0.449640810 0.014606046 0.893090069 -1.258457184 -0.008848958 0.999890089 -0.011897555 -1.040484667 -0.893165708 -0.002553289 0.449720621 86.743423462
0.405669928 0.012261937 0.913937390 -0.918804169 -0.001937535 0.999919295 -0.012555508 -1.047469020 -0.914017558 0.003322606 0.405660987 86.869171143
0.366475165 0.004232036 0.930418253 -0.548984528 0.013423718 0.999861538 -0.009835267 -1.055254340 -0.930331051 0.016094053 0.366367579 86.953987122
0.331086814 0.000923063 0.943599939 -0.184867859 0.017406240 0.999823391 -0.007085502 -1.057287931 -0.943439841 0.018770443 0.331012249 87.041213989
0.297965407 0.005011214 0.954563558 0.187713623 0.015560769 0.999827862 -0.010106109 -1.063776255 -0.954449832 0.017865013 0.297836125 87.142395020
0.267077088 0.012245584 0.963597417 0.550971985 0.004277924 0.999894321 -0.013892552 -1.083418608 -0.963665724 0.007832578 0.266996503 87.236808777
0.237613976 0.017442334 0.971203089 0.946594238 -0.001051441 0.999842823 -0.017699447 -1.096230626 -0.971359134 0.003184474 0.237594962 87.340545654
0.211986959 0.018990235 0.977088034 1.336860657 0.000518529 0.999808848 -0.019544328 -1.111040711 -0.977272451 0.004649792 0.211936593 87.402770996
0.188252509 0.020401163 0.981908798 1.745681763 0.007498434 0.999725223 -0.022208946 -1.123624086 -0.982092083 0.011543669 0.188047826 87.457519531
0.168644667 0.026465114 0.985321641 2.160911560 0.014448072 0.999465704 -0.029317908 -1.127444506 -0.985571086 0.019180307 0.168172240 87.497634888
0.148871899 0.033621270 0.988284826 2.582519531 0.017035291 0.999186337 -0.036558282 -1.122482777 -0.988709807 0.022278219 0.148178041 87.550354004
0.131320059 0.034202803 0.990749896 3.022232056 0.015071291 0.999220252 -0.036492862 -1.136416078 -0.991225541 0.019724127 0.130702198 87.604393005
0.115871906 0.029896801 0.992814243 3.481506348 0.012949633 0.999416471 -0.031606980 -1.161772966 -0.993179858 0.016518943 0.115417123 87.652740479
0.101219833 0.026487282 0.994511485 3.945755005 0.012705884 0.999529600 -0.027914118 -1.185985088 -0.994783044 0.015461612 0.100835681 87.696365356
0.087924302 0.024388030 0.995828569 4.445800781 0.015202951 0.999550939 -0.025821501 -1.200366259 -0.996011138 0.017409870 0.087514043 87.730926514
0.076321244 0.023711413 0.996801436 4.942329407 0.019144960 0.999498069 -0.025241420 -1.214838982 -0.996899545 0.021010179 0.075828969 87.757179260
0.066068828 0.024144284 0.997522950 5.457031250 0.022829857 0.999408901 -0.025702022 -1.232078314 -0.997553945 0.024471410 0.065478563 87.784744263
0.057983875 0.024931882 0.998006225 5.989250183 0.024312757 0.999356329 -0.026378181 -1.246652961 -0.998021483 0.025793793 0.057340443 87.814208984
0.052308381 0.025034271 0.998317242 6.558006287 0.025596928 0.999323666 -0.026400704 -1.270154476 -0.998302937 0.026934832 0.051632166 87.841682434
0.046918869 0.026060512 0.998558700 7.104370117 0.026969833 0.999262154 -0.027346091 -1.283871651 -0.998534560 0.028214008 0.046181381 87.857727051
0.041055739 0.026680632 0.998800695 7.683685303 0.027566997 0.999232590 -0.027825318 -1.300683737 -0.998776615 0.028676324 0.040288746 87.878570557
0.036726475 0.026660131 0.998969734 8.282592773 0.029868556 0.999168158 -0.027763531 -1.319952250 -0.998878956 0.030857440 0.035899639 87.892623901
0.033853292 0.026905380 0.999064565 8.907173157 0.031414952 0.999114990 -0.027971232 -1.338617325 -0.998932958 0.032332484 0.032978117 87.911643982
0.030881643 0.026375601 0.999174953 9.545524597 0.032328900 0.999102354 -0.027372876 -1.359127760 -0.999000072 0.033147544 0.030001223 87.930053711
0.028416395 0.025628043 0.999267757 10.200874329 0.034778833 0.999040663 -0.026611244 -1.382139087 -0.998991132 0.035509564 0.027497828 87.943733215
0.027657747 0.025367964 0.999295533 10.875801086 0.039319206 0.998876691 -0.026445579 -1.402792692 -0.998843849 0.040022932 0.026629210 87.956703186
0.028703809 0.024848742 0.999279141 11.562438965 0.042838518 0.998741925 -0.026065903 -1.426035166 -0.998669684 0.043555826 0.027603209 87.973213196
0.031220555 0.024952190 0.999201059 12.273895264 0.044158854 0.998677790 -0.026318891 -1.445417523 -0.998536587 0.044945262 0.030077398 87.990921021
0.034944177 0.025104869 0.999073982 12.998672485 0.046678666 0.998552382 -0.026724426 -1.465304971 -0.998298645 0.047569301 0.033721745 88.017585754
0.039432585 0.024473660 0.998922646 13.737686157 0.047201082 0.998538375 -0.026327528 -1.489330649 -0.998106897 0.048188388 0.038219750 88.046752930
0.043369055 0.022649573 0.998802364 14.496742249 0.048617929 0.998510659 -0.024754001 -1.513769150 -0.997875452 0.049633257 0.042203248 88.083930969
0.047140241 0.021019571 0.998667181 15.259178162 0.048133917 0.998569310 -0.023289593 -1.540836930 -0.997727990 0.049167641 0.046061039 88.123641968
0.051410675 0.018689794 0.998502731 16.040443420 0.045240711 0.998754859 -0.021023860 -1.566650033 -0.997652411 0.046253823 0.050501108 88.170539856
0.055333793 0.017782193 0.998309612 16.838851929 0.044439185 0.998806775 -0.020254206 -1.585177064 -0.997478545 0.045484807 0.054477572 88.224235535
0.059233010 0.018957503 0.998064280 17.628715515 0.041378453 0.998913705 -0.021429369 -1.607798219 -0.997386336 0.042567678 0.058384240 88.278030396
0.061933458 0.023084778 0.997813404 18.429515839 0.039202671 0.998904765 -0.025543313 -1.636952877 -0.997310221 0.040698938 0.060960650 88.340721130
0.063258529 0.028441725 0.997591913 19.234008789 0.033421125 0.998972774 -0.030600376 -1.662934780 -0.997437537 0.035276379 0.062242985 88.407318115
0.063080370 0.031269237 0.997518599 20.043014526 0.030496603 0.998981893 -0.033243638 -1.697518229 -0.997542500 0.032517947 0.062062502 88.462203979
0.063233078 0.031106539 0.997514009 20.855010986 0.028276231 0.999057055 -0.032947116 -1.724784732 -0.997598231 0.030289285 0.062293887 88.520187378
0.063267171 0.029458398 0.997561872 21.664001465 0.025569377 0.999188304 -0.031128090 -1.759187937 -0.997669160 0.027476424 0.062462628 88.575561523
0.063257992 0.027966408 0.997605264 22.500663757 0.026260911 0.999214530 -0.029676720 -1.798503637 -0.997651637 0.028075311 0.062473834 88.632644653
0.063478768 0.027000662 0.997617841 23.314914703 0.024038922 0.999302506 -0.028575864 -1.838523626 -0.997693598 0.025795620 0.062785447 88.695175171
0.063438654 0.027458908 0.997608006 24.130924225 0.022554653 0.999326646 -0.028940486 -1.866406322 -0.997730970 0.024336649 0.062776625 88.757598877
0.063345671 0.027775830 0.997605205 24.940845490 0.019296510 0.999391675 -0.029050862 -1.907674789 -0.997805178 0.021090545 0.062771201 88.821395874
0.062319517 0.029394725 0.997623265 25.756248474 0.016194271 0.999404848 -0.030458841 -1.941481113 -0.997924864 0.018053962 0.061806381 88.873764038
0.059348166 0.029100206 0.997813225 26.570819855 0.012833040 0.999470174 -0.029911820 -1.974407911 -0.998154938 0.014580190 0.058943272 88.932785034
0.055744171 0.027919058 0.998054802 27.387378693 0.010838727 0.999533176 -0.028565792 -2.007422924 -0.998386383 0.012410021 0.055415511 88.981987000
0.050360799 0.025359010 0.998409212 28.200916290 0.008102584 0.999634326 -0.025798833 -2.044297218 -0.998698354 0.009388945 0.050136864 89.037734985
0.044972897 0.023409765 0.998713911 29.014762878 0.006871821 0.999694526 -0.023742195 -2.071310043 -0.998964608 0.007930739 0.044798315 89.060440063
0.037505925 0.023571566 0.999018490 29.819530487 0.006727344 0.999693155 -0.023840049 -2.102280140 -0.999273896 0.007614887 0.037335813 89.092964172
0.028858840 0.024525566 0.999282598 30.624771118 0.006356468 0.999674261 -0.024718750 -2.133901596 -0.999563277 0.007065262 0.028693557 89.116348267
0.018699229 0.025037669 0.999511600 31.428951263 0.007069726 0.999658108 -0.025173601 -2.161418676 -0.999800146 0.007537000 0.018515825 89.132789612
0.008591771 0.023979638 0.999675512 32.220127106 0.008105088 0.999677896 -0.024049357 -2.195089102 -0.999930263 0.008309084 0.008394659 89.136054993
-0.002430081 0.023001023 0.999732614 33.016300201 0.006842884 0.999712408 -0.022983929 -2.225116253 -0.999973714 0.006785203 -0.002586722 89.138473511
-0.013412476 0.022123128 0.999665439 33.806541443 0.008604253 0.999720752 -0.022008915 -2.254761457 -0.999873221 0.008306184 -0.013599038 89.124710083
-0.024513006 0.022773508 0.999440074 34.593635559 0.008966904 0.999705315 -0.022559622 -2.279446840 -0.999659300 0.008408878 -0.024709940 89.107711792
-0.035778403 0.023401644 0.999085784 35.367733002 0.009066586 0.999692261 -0.023091165 -2.308262587 -0.999318659 0.008232133 -0.035979629 89.081573486
-0.045787930 0.024236182 0.998657167 36.144702911 0.008593598 0.999678195 -0.023866950 -2.339531183 -0.998914242 0.007489243 -0.045981407 89.033218384
-0.056321263 0.025347684 0.998091042 36.907482147 0.008997392 0.999649942 -0.024879565 -2.365589619 -0.998372316 0.007578969 -0.056529641 88.990722656
-0.065923214 0.025922213 0.997487962 37.664360046 0.010082055 0.999628782 -0.025311533 -2.400385618 -0.997773826 0.008388114 -0.066160083 88.940147400
-0.075543046 0.026667289 0.996785879 38.445781708 0.010836476 0.999605238 -0.025921457 -2.426517725 -0.997083664 0.008843462 -0.075802207 88.881561279
-0.085075021 0.027113009 0.996005535 39.189472198 0.011587600 0.999589026 -0.026220789 -2.456584692 -0.996307135 0.009310581 -0.085354209 88.821014404
-0.093420744 0.026470153 0.995274901 39.920154572 0.012762433 0.999596238 -0.025387149 -2.485417604 -0.995545030 0.010330445 -0.093720794 88.745208740
-0.101135969 0.025230609 0.994552672 40.650814056 0.014548305 0.999608994 -0.023879468 -2.518028259 -0.994766295 0.012053982 -0.101463556 88.674926758
-0.106064916 0.023773905 0.994075000 41.383419037 0.017415185 0.999605238 -0.022048017 -2.545470715 -0.994206727 0.014973478 -0.106437087 88.585189819
-0.109598398 0.022232475 0.993727267 42.089176178 0.020770526 0.999582767 -0.020072693 -2.571222782 -0.993758917 0.018440301 -0.110014439 88.497817993
-0.112408042 0.020914547 0.993441999 42.792999268 0.022186983 0.999582052 -0.018533353 -2.599397898 -0.993414402 0.019958183 -0.112825036 88.417327881
-0.114258647 0.020078162 0.993248284 43.475566864 0.022423221 0.999593139 -0.017626965 -2.622798443 -0.993198097 0.020257793 -0.114662409 88.342559814
-0.115252852 0.020298474 0.993128836 44.146160126 0.022742223 0.999583066 -0.017791154 -2.652440071 -0.993075848 0.020535475 -0.115666509 88.271316528
-0.114129663 0.021285299 0.993237853 44.799995422 0.023541529 0.999547660 -0.018715443 -2.674613714 -0.993186951 0.021246349 -0.114579082 88.195236206
-0.111090064 0.023362244 0.993535876 45.425289154 0.024945611 0.999474227 -0.020712646 -2.689592361 -0.993497372 0.022483390 -0.111614466 88.126068115
-0.106079936 0.023541708 0.994079053 46.042701721 0.024262868 0.999483347 -0.021080563 -2.721289158 -0.994061708 0.021882985 -0.106596351 88.061859131
-0.097984672 0.024112854 0.994895816 46.636497498 0.023926530 0.999474525 -0.021867368 -2.745757341 -0.994900286 0.021661738 -0.098510146 88.007476807
-0.087007880 0.023860887 0.995921910 47.212738037 0.021896251 0.999517381 -0.022034086 -2.772962093 -0.995967031 0.019889815 -0.087488294 87.967010498
-0.073414564 0.024064312 0.997011304 47.781303406 0.021263840 0.999519348 -0.022559101 -2.798709393 -0.997074962 0.019544123 -0.073890924 87.938713074
-0.057049632 0.025025235 0.998057723 48.317073822 0.019767908 0.999518156 -0.023931911 -2.831713200 -0.998175681 0.018364208 -0.057516813 87.936676025
-0.034870505 0.028262049 0.998992205 48.850982666 0.018983915 0.999438465 -0.027612031 -2.843011379 -0.999211609 0.018001938 -0.035387516 87.915527344
-0.010267377 0.031315345 0.999456823 49.371379852 0.016892623 0.999372303 -0.031139160 -2.866903305 -0.999804616 0.016563728 -0.010789990 87.930969238
0.017688513 0.032868247 0.999303222 49.890975952 0.015354613 0.999332726 -0.033141013 -2.891086578 -0.999725699 0.015930129 0.017172039 87.968986511
0.051012099 0.032225192 0.998178124 50.404808044 0.012268723 0.999383628 -0.032891113 -2.917777538 -0.998622835 0.013924220 0.050585270 88.013885498
0.090200007 0.029686812 0.995481074 50.862380981 0.010868403 0.999466777 -0.030790450 -2.940270185 -0.995864332 0.013596587 0.089829266 88.051193237
0.131710529 0.026372682 0.990937293 51.409660339 0.009058186 0.999572277 -0.027806461 -2.959064960 -0.991246819 0.012638497 0.131415308 88.158584595
0.176837206 0.021951644 0.983995378 51.892211914 0.006174931 0.999706805 -0.023411866 -2.982474804 -0.984220862 0.010216193 0.176649809 88.275764465
0.225590467 0.019155709 0.974033952 52.377174377 0.001604578 0.999798000 -0.020034023 -2.995671749 -0.974220991 0.006082399 0.225514174 88.415588379
0.277297080 0.017145554 0.960631132 52.847866058 -0.002750850 0.999850810 -0.017051490 -3.021214962 -0.960780203 0.002085775 0.277302861 88.581268311
0.331751585 0.016776072 0.943217635 53.294330597 -0.004110678 0.999858081 -0.016337659 -3.038100719 -0.943357885 0.001542781 0.331773460 88.777648926
0.387467086 0.017433435 0.921718717 53.701129913 -0.002475524 0.999837220 -0.017870327 -3.059474230 -0.921880245 0.004642427 0.387447178 89.003875732
0.448327780 0.020323299 0.893638253 54.122680664 -0.001506107 0.999757230 -0.021981085 -3.078368187 -0.893868029 0.008508818 0.448249578 89.240089417
0.508754194 0.023450797 0.860592425 54.521141052 -0.000458370 0.999636173 -0.026968712 -3.096889019 -0.860911787 0.013325975 0.508579850 89.503067017
0.566822767 0.029114375 0.823325276 54.881935120 -0.004476422 0.999469459 -0.032261360 -3.093095779 -0.823827684 0.014600924 0.566652298 89.798629761
0.622021139 0.031335000 0.782373190 55.210304260 -0.008088107 0.999402761 -0.033596896 -3.109948635 -0.782958686 0.014570062 0.621903062 90.118453979
0.675869524 0.032216143 0.736316860 55.537071228 -0.009916722 0.999351263 -0.034622099 -3.127833366 -0.736954629 0.016098171 0.675750554 90.453414917
0.724563658 0.029861366 0.688560724 55.824974060 -0.010228222 0.999416828 -0.032579489 -3.151301861 -0.689132035 0.016563162 0.724446535 90.812759399
0.769151330 0.027850714 0.638459563 56.077953339 -0.013252345 0.999530196 -0.027636163 -3.157508612 -0.638929248 0.012795308 0.769159079 91.199615479
0.808806002 0.025913801 0.587504327 56.293540955 -0.015498678 0.999620914 -0.022754818 -3.141315937 -0.587871253 0.009298693 0.808901072 91.619277954
0.846708298 0.020910960 0.531646252 56.535892487 -0.015694706 0.999774158 -0.014327945 -3.170279741 -0.531825840 0.003787559 0.846845329 92.025924683
0.878212988 0.017449804 0.477951318 56.727935791 -0.016219994 0.999845982 -0.006700490 -3.178545237 -0.477994651 -0.001867910 0.878360748 92.458503723
0.904044509 0.018703789 0.427028954 56.898994446 -0.020143764 0.999796450 -0.001145405 -3.185709000 -0.426963478 -0.007566473 0.904237211 92.901794434
0.924107909 0.020225583 0.381596029 57.023483276 -0.023338620 0.999721408 0.003531107 -3.205367088 -0.381418288 -0.012169047 0.924322486 93.327301025
0.938978851 0.026777489 0.342930973 57.115615845 -0.030754780 0.999507964 0.006163851 -3.211791992 -0.342597187 -0.016334493 0.939340353 93.747413635
0.950773835 0.030694338 0.308361828 57.225238800 -0.034277298 0.999393106 0.006207803 -3.222329140 -0.307984143 -0.016472027 0.951248884 94.199340820
0.960353434 0.031906385 0.276953459 57.354671478 -0.034858104 0.999375761 0.005739709 -3.209009886 -0.276597470 -0.015166222 0.960866213 94.688438416
0.966521859 0.026845306 0.255176067 57.467281342 -0.029305117 0.999553442 0.005841926 -3.210842371 -0.254905283 -0.013124312 0.966876984 95.158409119
0.970625818 0.023964437 0.239397690 57.576812744 -0.026321681 0.999631405 0.006653781 -3.217730045 -0.239149988 -0.012759680 0.970898807 95.646240234
0.973499835 0.028722219 0.226876855 57.674423218 -0.030962342 0.999500573 0.006320442 -3.217440367 -0.226582006 -0.013177588 0.973902941 96.148910522
0.975502014 0.033743419 0.217387259 57.764053345 -0.036048763 0.999327958 0.006646655 -3.211485386 -0.217016891 -0.014320366 0.976062834 96.653648376
0.976487875 0.041208215 0.211597130 57.853748322 -0.043320555 0.999046862 0.005354783 -3.207958937 -0.211174801 -0.014395385 0.977342308 97.171226501
0.976778328 0.048225608 0.208754495 57.947616577 -0.049854062 0.998753250 0.002543107 -3.229754210 -0.208371595 -0.012891312 0.977964759 97.677383423
0.976899564 0.049804561 0.207814157 58.061817169 -0.050919816 0.998702765 0.000017304 -3.234791756 -0.207543701 -0.010598762 0.978168309 98.215026855
0.976631165 0.047331903 0.209645554 58.197177887 -0.047655921 0.998857677 -0.003508663 -3.235587120 -0.209572136 -0.006564183 0.977771163 98.705680847
0.975858986 0.046056416 0.213490278 58.321147919 -0.044920269 0.998938799 -0.010172319 -3.237817764 -0.213732228 0.000336707 0.976892233 99.255233765
0.974922776 0.046187520 0.217697725 58.444782257 -0.044020139 0.998921037 -0.014797805 -3.242902756 -0.218146309 0.004843634 0.975904047 99.804397583
0.973571122 0.051520813 0.222496852 58.561637878 -0.049541004 0.998667181 -0.014474166 -3.252915382 -0.222946033 0.003068914 0.974825978 100.399360657
0.972118497 0.054500591 0.228068784 58.692417145 -0.053427946 0.998512447 -0.010879286 -3.256983995 -0.228322446 -0.001609292 0.973584235 100.991661072
0.971272707 0.050996866 0.232440665 58.848423004 -0.051033482 0.998679757 -0.005860025 -3.269401073 -0.232432634 -0.006170575 0.972592950 101.578788757
0.970566213 0.046776921 0.236248001 59.003261566 -0.048057254 0.998844504 -0.000339153 -3.278045177 -0.235990882 -0.011024258 0.971692741 102.193916321
0.969781995 0.044198472 0.239936322 59.160533905 -0.046607491 0.998903692 0.004372352 -3.284803391 -0.239480019 -0.015423057 0.970778763 102.820648193
0.969251871 0.039256357 0.242919147 59.325340271 -0.041728497 0.999116302 0.005037723 -3.289919615 -0.242506713 -0.015019473 0.970033467 103.447601318
0.969332695 0.035716780 0.243142724 59.488708496 -0.037236959 0.999305069 0.001657646 -3.292600393 -0.242914557 -0.010660706 0.969989121 104.096458435
0.969431579 0.035811245 0.242734432 59.650131226 -0.035615131 0.999352038 -0.005197490 -3.300548792 -0.242763281 -0.003606407 0.970078826 104.740837097
0.969532669 0.038003881 0.241996184 59.808288574 -0.036204539 0.999273777 -0.011879521 -3.306795120 -0.242271915 0.002756224 0.970204473 105.400848389
0.970138133 0.040729821 0.239108995 59.968521118 -0.038107321 0.999152124 -0.015582529 -3.313416958 -0.239540935 0.006005403 0.970867693 106.078002930
0.970697224 0.039321251 0.237066969 60.122730255 -0.037743550 0.999224782 -0.011191808 -3.322306156 -0.237323269 0.001916107 0.971428871 106.765647888
0.971238673 0.035213411 0.235489786 60.308265686 -0.035397809 0.999367356 -0.003445646 -3.333434582 -0.235462129 -0.004989278 0.971870720 107.461204529
0.971838892 0.035907608 0.232894480 60.478210449 -0.037463188 0.999295473 0.002257984 -3.340559959 -0.232649311 -0.010919366 0.972499371 108.182815552
0.972108245 0.038867552 0.231289670 60.638237000 -0.040406097 0.999181509 0.001916900 -3.355034113 -0.231025860 -0.011208946 0.972883046 108.907325745
0.972350061 0.044828624 0.229184970 60.796115875 -0.045355007 0.998966515 -0.002972917 -3.355996609 -0.229081377 -0.007503970 0.973378360 109.634910583
0.973242640 0.045620035 0.225205556 60.964653015 -0.044904552 0.998956800 -0.008300953 -3.362882614 -0.225349307 -0.002033914 0.974275887 110.388229370
0.974197507 0.044045683 0.221357584 61.133895874 -0.042617831 0.999028385 -0.011224831 -3.370135307 -0.221636921 0.001501422 0.975128114 111.145698547
0.975116134 0.042022742 0.217675626 61.301635742 -0.040889855 0.999116480 -0.009708289 -3.379350185 -0.217891276 0.000565985 0.975972891 111.923194885
0.976011038 0.038336549 0.214319423 61.467071533 -0.037641753 0.999264479 -0.007323584 -3.398197174 -0.214442536 -0.000919460 0.976736188 112.696640015
0.976500928 0.036904037 0.212329909 61.646022797 -0.036756046 0.999313474 -0.004645550 -3.408002138 -0.212355584 -0.003268023 0.977186978 113.488700867
0.976881444 0.033724811 0.211104944 61.817390442 -0.033987939 0.999419391 -0.002382902 -3.413992882 -0.211062744 -0.004847209 0.977460504 114.286773682
0.977052927 0.029286308 0.210973620 61.987449646 -0.029703967 0.999558032 -0.001189792 -3.424942493 -0.210915223 -0.005104263 0.977491021 115.080833435
0.977232099 0.029728014 0.210080147 62.161750793 -0.030478191 0.999535382 0.000333516 -3.430865765 -0.209972620 -0.006728784 0.977684140 115.889709473
0.976993382 0.034724671 0.210423678 62.332248688 -0.035193130 0.999379396 -0.001519160 -3.438226223 -0.210345834 -0.005921258 0.977609098 116.709411621
0.976664305 0.040631056 0.210893095 62.499130249 -0.040534925 0.999166667 -0.004780537 -3.447901249 -0.210911587 -0.003879555 0.977497458 117.523384094
0.976028323 0.049279902 0.211991131 62.662239075 -0.048982229 0.998777449 -0.006658841 -3.449646473 -0.212060109 -0.003884580 0.977248907 118.350578308
0.975130498 0.054758061 0.214760557 62.833908081 -0.054795947 0.998480856 -0.005781675 -3.469387531 -0.214750886 -0.006130120 0.976649642 119.188163757
0.974314213 0.057135317 0.217824131 63.003120422 -0.057638925 0.998329282 -0.004046544 -3.478515625 -0.217691422 -0.008612541 0.975979626 120.022415161
0.973751009 0.057420548 0.220254019 63.190105438 -0.057765938 0.998318255 -0.004877727 -3.495431900 -0.220163688 -0.007973487 0.975430369 120.868858337
0.973412752 0.055784777 0.222161442 63.374305725 -0.055396814 0.998432517 -0.007982362 -3.501202583 -0.222258493 -0.004536902 0.974977195 121.702636719
0.973465979 0.049813978 0.223343953 63.571460724 -0.049621642 0.998747110 -0.006476932 -3.516731262 -0.223386765 -0.004777619 0.974718213 122.539947510
0.973653913 0.043598868 0.223824158 63.770000458 -0.042935371 0.999047160 -0.007832636 -3.538336992 -0.223952383 -0.001983697 0.974598050 123.371109009
0.973504543 0.042562034 0.224671647 63.966136932 -0.041879259 0.999092162 -0.007805815 -3.558340788 -0.224799916 -0.001810085 0.974403262 124.207565308
0.972915530 0.044941306 0.226750270 64.152877808 -0.044969164 0.998975635 -0.005045526 -3.570560455 -0.226744741 -0.005287898 0.973939896 125.052940369
0.972513080 0.046834137 0.228089541 64.341911316 -0.048256479 0.998834789 0.000659806 -3.582170010 -0.227792859 -0.011648469 0.973639965 125.894485474
0.972093880 0.050517954 0.229088292 64.528068542 -0.053071253 0.998578250 0.004994179 -3.600620270 -0.228510290 -0.017012814 0.973392844 126.742897034
0.971784174 0.049944866 0.230523437 64.715179443 -0.050989877 0.998698175 -0.001425845 -3.616092682 -0.230294541 -0.010368747 0.973065734 127.577995300
0.972208798 0.045379266 0.229675353 64.915573120 -0.042888384 0.998954475 -0.015828244 -3.629210711 -0.230153501 0.005537955 0.973138571 128.371566772
